4294967294,1608
597,12
597,9
619,12
619,11
619,9
619,4
4294967294,1460
4294967278,342
4294967279,535
4294967294,39
4294967294,1673
4294967279,276
4294967294,1849
4294967294,1656
995,5
995,4
995,3
995,2
995,1
4294967294,38
4294967294,37
4294967294,40
4294967294,1566
4294967294,24
4294967294,92
4294967294,1596
568,5
568,4
4294967278,364
4294967278,323
4294967294,1638
4294967294,1650
4294967294,1648
585,8
585,4
4294967294,1440
4294967294,1621
4294967294,1620
4294967294,1609
4294967294,1655
4294967294,1654
4294967294,1639
4294967294,1612
597,19
597,7
597,4
4294967294,1451
626,6
626,5
626,4
4294967294,1433
4294967294,2060
4294967294,1432
4294967294,19
4294967294,2018
4294967294,2017
4294967294,2011
4294967294,2061
4294967294,1992
4294967294,1427
4294967294,2058
4294967294,2057
4294967294,2013
4294967294,2012
628,5
628,4
4294967279,236
4294967294,1572
562,8
561,8
4294967278,280
4294967279,224
4294967279,559
4294967279,2
4294967279,88
4294967279,570
4294967279,222
4294967279,525
4294967278,279
4294967278,278
4294967278,376
623,2
623,7
623,6
623,5
623,4
4294967294,2015
4294967279,270
4294967279,263
4294967279,345
4294967278,293
869,14
869,0
869,13
4294967278,321
778,15
778,0
4294967278,335
4294967279,238
562,4
561,4
4294967294,1922
4294967278,275
778,14
778,13
778,7
4294967294,2014
4294967294,1855
4294967278,391
4294967278,400
778,12
4294967278,366
4294967279,234
4294967278,287
778,11
4294967278,362
4294967279,343
778,10
778,9
4294967279,544
4294967279,327
4294967278,286
4294967279,546
4294967279,542
4294967294,127
4294967294,68
4294967294,190
4294967294,189
4294967294,1637
4294967294,126
4294967294,12
4294967294,18
4294967294,11
4294967294,104
4294967294,166
4294967294,160
4294967294,184
4294967294,162
4294967294,1153
4294967294,1921
4294967278,329
978,14
978,0
4294967279,557
978,13
978,12
4294967278,273
4294967279,543
4294967279,536
4294967278,270
4294967294,1934
4294967294,1993
4294967279,575
4294967294,1536
4294967294,1926
4294967294,1445
4294967294,1546
4294967279,259
4294967294,1636
4294967294,1635
4294967278,265
4294967294,1644
4294967294,1627
4294967294,1470
4294967294,1624
840,13
840,0
840,12
840,6
840,11
840,10
840,5
840,9
4294967279,258
840,8
840,7
4294967279,558
4294967294,1658
4294967294,1465
812,11
812,0
812,10
812,9
812,8
812,7
4294967279,158
812,6
4294967279,255
4294967278,398
4294967278,318
4294967279,226
4294967294,1617
4294967278,340
4294967279,174
4294967279,514
4294967294,1927
4294967294,1458
4294967294,1459
4294967279,512
4294967294,1568
4294967294,1661
4294967294,1935
4294967278,274
4294967279,173
4294967279,264
627,2
4294967279,289
4294967294,1938
625,2
4294967294,1549
4294967294,1048
4294967278,300
4294967278,253
4294967278,251
4294967278,241
4294967278,239
4294967278,228
4294967278,226
4294967278,216
4294967278,355
627,5
627,4
4294967278,212
624,2
625,7
625,6
625,5
4294967278,210
625,4
4294967278,209
4294967278,203
4294967278,202
4294967278,196
4294967279,197
4294967278,195
4294967279,196
624,9
624,8
624,7
624,6
624,5
4294967278,189
624,4
4294967294,2059
4294967294,1431
4294967294,2016
4294967278,188
4294967278,181
4294967279,182
4294967278,180
4294967279,181
4294967279,172
4294967279,530
4294967279,156
4294967279,155
4294967279,143
4294967279,142
4294967278,348
4294967278,331
4294967279,137
4294967279,293
4294967278,271
4294967279,273
4294967278,282
4294967279,272
4294967279,271
4294967279,269
4294967279,267
4294967279,266
4294967279,265
4294967278,262
4294967278,261
4294967279,262
4294967279,261
4294967279,282
4294967279,280
4294967279,307
4294967278,302
4294967278,301
4294967278,299
4294967278,298
4294967278,257
4294967278,256
4294967279,253
4294967279,252
4294967278,249
4294967278,247
4294967278,245
4294967278,243
4294967279,242
4294967279,241
4294967278,238
4294967278,236
4294967278,234
4294967278,232
4294967279,231
4294967279,229
4294967278,224
4294967278,222
4294967278,220
4294967279,219
4294967279,218
4294967278,215
4294967278,214
4294967278,213
4294967294,1453
607,2
4294967278,211
4294967279,211
4294967279,210
4294967278,208
4294967278,207
4294967278,206
4294967278,205
4294967279,205
4294967279,204
4294967278,201
4294967279,191
4294967279,190
607,6
607,5
607,4
575,2
575,8
575,7
575,6
575,5
575,4
573,9
573,8
573,7
573,6
573,5
573,4
4294967294,1613
4294967294,1435
4294967294,1828
4294967294,2010
4294967278,171
4294967278,170
4294967278,163
4294967279,164
4294967278,162
4294967279,163
4294967278,156
4294967278,155
4294967279,150
4294967278,149
4294967279,149
4294967278,148
4294967278,142
4294967278,141
4294967278,312
4294967278,311
566,2
566,8
566,7
566,6
566,5
4294967278,285
566,4
4294967294,1936
4294967294,1674
563,10
563,9
563,8
563,7
563,6
563,5
4294967278,136
563,4
4294967294,1430
4294967278,327
4294967278,333
4294967278,361
4294967279,274
4294967278,135
994,7
4294967278,134
994,6
4294967279,292
994,5
4294967278,133
994,4
4294967279,275
994,3
994,2
994,1
4294967278,272
4294967278,365
4294967294,2009
4294967294,1874
4294967278,375
4294967278,269
4294967294,1933
4294967279,527
4294967278,268
993,0
993,13
4294967279,291
993,12
4294967278,289
993,11
993,10
4294967278,359
4294967278,267
993,9
4294967279,268
993,8
4294967278,266
993,7
993,6
4294967278,288
993,5
993,4
4294967278,264
993,3
993,2
993,1
4294967294,1997
4294967278,263
4294967279,254
4294967294,1651
4294967279,521
4294967278,360
4294967278,304
4294967278,255
992,0
992,22
4294967278,277
992,21
992,20
4294967278,276
992,19
992,18
4294967278,303
992,17
992,16
992,15
4294967279,306
992,14
992,13
4294967279,305
992,12
992,11
4294967279,303
992,10
992,9
4294967279,257
992,8
992,7
4294967279,302
992,6
992,5
4294967279,256
992,4
992,3
992,2
992,1
4294967278,338
4294967279,301
4294967294,1688
4294967294,1687
4294967279,569
4294967294,1850
4294967294,1877
4294967294,390
4294967294,115
4294967294,2056
4294967279,251
4294967294,1464
4294967279,334
4294967279,249
991,7
991,6
4294967279,247
991,5
991,4
4294967279,245
991,3
991,2
991,1
4294967279,250
4294967279,243
4294967278,259
4294967279,519
4294967279,239
4294967278,230
990,7
4294967279,237
990,6
990,5
4294967279,235
990,4
990,3
990,2
990,1
4294967278,347
4294967279,260
4294967279,233
4294967279,556
4294967278,390
4294967294,1773
4294967279,227
4294967294,1932
4294967294,1468
4294967294,1744
4294967278,218
4294967279,225
989,6
989,5
4294967279,223
989,4
989,3
989,2
989,1
4294967279,221
4294967279,572
4294967278,389
4294967279,533
4294967279,217
4294967294,1931
4294967278,371
4294967279,216
988,0
988,9
988,8
4294967279,215
988,7
988,6
4294967279,214
988,5
988,4
4294967279,213
988,3
988,2
988,1
4294967294,1986
4294967294,1985
4294967294,1984
4294967279,212
4294967279,540
4294967294,2007
4294967294,990
4294967294,1925
4294967278,204
4294967279,209
987,7
4294967279,208
987,6
987,5
4294967279,207
987,4
987,3
987,2
987,1
4294967278,328
4294967279,206
4294967279,316
4294967294,2055
4294967279,203
4294967279,136
4294967278,379
4294967279,202
986,0
986,9
4294967278,200
986,8
4294967279,201
986,7
4294967278,199
986,6
4294967279,200
986,5
4294967278,198
986,4
4294967279,199
986,3
986,2
986,1
4294967278,197
4294967294,1570
4294967279,198
4294967278,378
4294967279,134
4294967278,194
4294967278,372
4294967294,1657
4294967279,565
4294967279,195
4294967278,193
985,7
4294967279,194
985,6
4294967278,192
985,5
4294967279,193
985,4
4294967278,191
985,3
985,2
985,1
4294967278,374
4294967279,192
4294967294,2082
4294967278,190
4294967279,545
4294967278,132
4294967278,131
4294967278,130
4294967278,129
4294967278,128
4294967278,127
4294967278,126
4294967278,125
4294967278,124
4294967279,323
4294967279,189
4294967279,325
4294967294,1939
4294967278,354
4294967294,1425
4294967294,1853
4294967294,1550
4294967294,388
4294967294,1438
4294967294,1564
4294967278,187
4294967279,188
984,0
984,11
4294967278,186
984,10
4294967279,187
984,9
4294967278,185
984,8
4294967279,186
984,7
4294967278,184
984,6
4294967279,185
984,5
4294967278,183
984,4
4294967279,184
984,3
984,2
984,1
4294967279,228
4294967278,182
4294967294,1996
4294967279,183
4294967278,258
4294967294,1426
4294967278,370
4294967278,179
4294967278,377
4294967294,1930
4294967279,248
4294967279,180
4294967278,178
983,0
983,11
4294967279,179
983,10
4294967278,177
983,9
4294967279,178
983,8
4294967278,176
983,7
4294967279,177
983,6
4294967278,175
983,5
4294967279,176
983,4
4294967278,173
983,3
983,2
983,1
4294967278,326
4294967279,175
4294967278,172
4294967279,523
4294967278,350
4294967294,1831
4294967294,419
4294967279,171
4294967294,1645
4294967278,345
4294967278,169
4294967294,1807
4294967279,170
982,0
982,11
4294967278,168
982,10
4294967279,169
982,9
4294967278,167
982,8
4294967279,168
982,7
4294967278,166
982,6
4294967279,167
982,5
4294967278,165
982,4
4294967279,166
982,3
982,2
982,1
4294967279,294
4294967278,164
4294967294,1569
4294967294,1469
4294967294,1766
4294967279,165
4294967278,233
4294967294,1829
4294967294,427
4294967294,1873
4294967294,1629
4294967294,1652
4294967278,382
4294967278,346
4294967278,161
4294967278,353
4294967294,1640
4294967294,1798
4294967279,162
4294967278,160
981,8
4294967279,161
981,7
4294967278,159
981,6
4294967279,160
981,5
4294967278,158
981,4
4294967279,159
981,3
981,2
981,1
4294967279,552
4294967278,157
4294967279,157
4294967294,1047
4294967278,154
4294967279,550
4294967293,131
4294967293,130
4294967293,129
4294967293,128
4294967293,127
4294967293,126
4294967293,125
4294967293,124
4294967293,123
4294967293,122
4294967293,121
4294967293,120
4294967293,119
4294967293,118
4294967293,117
4294967293,116
4294967293,115
4294967293,114
4294967293,113
4294967293,112
4294967293,111
4294967293,110
4294967293,109
4294967293,108
4294967293,107
4294967293,106
4294967293,105
4294967293,104
4294967293,103
4294967293,102
4294967293,101
4294967293,100
4294967293,99
4294967293,98
4294967293,97
4294967293,96
4294967293,95
4294967293,94
4294967293,93
4294967293,92
4294967293,91
4294967293,90
4294967293,89
4294967293,87
4294967293,86
4294967293,85
4294967293,84
4294967293,83
4294967293,82
4294967293,81
4294967293,80
4294967293,79
4294967293,78
4294967293,77
4294967293,76
4294967293,75
4294967293,74
4294967293,73
4294967293,72
4294967293,71
4294967293,70
4294967293,69
4294967293,68
4294967293,67
4294967293,66
4294967293,65
4294967293,64
4294967293,63
4294967293,62
4294967293,61
4294967293,60
4294967293,59
4294967293,58
4294967293,57
4294967293,56
4294967293,55
4294967293,54
4294967293,53
4294967293,52
4294967293,51
4294967293,50
4294967293,49
4294967293,48
4294967293,47
4294967293,46
4294967293,45
4294967293,44
4294967293,43
4294967293,42
4294967293,41
4294967293,40
4294967293,39
4294967293,38
4294967293,37
4294967293,36
4294967293,35
4294967293,34
4294967293,33
4294967293,32
4294967293,31
4294967293,30
4294967293,29
4294967293,28
4294967293,27
4294967293,26
4294967293,25
4294967293,24
4294967293,23
4294967293,22
4294967293,21
4294967293,20
4294967293,19
4294967293,18
4294967293,17
4294967293,16
4294967293,15
4294967293,14
4294967293,13
4294967293,12
4294967293,11
4294967293,10
4294967293,9
4294967293,8
4294967293,7
4294967293,6
4294967293,5
4294967293,4
4294967293,3
4294967278,123
4294967278,122
4294967278,121
4294967278,120
4294967278,119
4294967278,118
4294967278,117
4294967278,116
4294967278,115
4294967278,114
4294967278,113
4294967278,112
4294967278,111
4294967278,110
4294967278,109
4294967278,108
4294967278,107
4294967278,106
4294967278,105
4294967278,104
4294967278,103
4294967278,102
4294967278,101
4294967278,100
4294967278,99
4294967278,98
4294967278,97
4294967278,96
4294967278,95
4294967278,94
4294967278,93
4294967278,92
4294967278,91
4294967278,90
4294967278,89
4294967278,87
4294967278,86
4294967278,85
4294967278,84
4294967278,83
4294967278,82
4294967278,81
4294967278,80
4294967278,79
4294967278,78
4294967278,77
4294967278,76
4294967278,75
4294967278,74
4294967278,73
4294967278,72
4294967278,71
4294967278,70
4294967278,69
4294967278,68
4294967278,67
4294967278,66
4294967278,65
4294967278,64
4294967278,63
4294967278,62
4294967278,61
4294967278,60
4294967278,59
4294967278,58
4294967278,57
4294967278,56
4294967278,55
4294967278,54
4294967278,53
4294967278,52
4294967278,51
4294967278,50
4294967278,49
4294967278,48
4294967278,47
4294967278,46
4294967278,45
4294967278,44
4294967278,43
4294967278,42
4294967278,41
4294967278,40
4294967278,39
4294967278,38
4294967278,35
4294967278,34
4294967278,33
4294967278,32
4294967278,28
4294967278,27
4294967278,26
4294967278,25
4294967278,24
4294967278,23
4294967278,322
4294967278,22
4294967278,337
4294967278,21
4294967278,260
4294967278,20
4294967278,19
4294967278,18
4294967278,17
4294967278,16
4294967278,15
4294967278,14
4294967278,13
4294967278,12
4294967278,11
4294967278,10
4294967278,9
4294967278,8
4294967278,383
4294967278,7
4294967278,381
4294967278,6
4294967278,0
4294967278,174
4294967278,5
4294967278,4
4294967279,132
4294967279,131
4294967279,244
4294967279,130
4294967279,129
4294967279,128
4294967279,127
4294967279,126
4294967279,125
4294967279,124
4294967279,123
4294967279,122
4294967279,121
4294967279,120
4294967279,119
4294967279,118
4294967279,117
4294967279,116
4294967279,115
4294967279,114
4294967279,113
4294967279,112
4294967279,111
4294967279,110
4294967279,109
4294967279,108
4294967279,107
4294967279,106
4294967279,105
4294967279,104
4294967279,103
4294967279,102
4294967279,101
4294967279,100
4294967279,99
4294967279,98
4294967279,97
4294967279,96
4294967279,95
4294967279,94
4294967279,93
4294967279,92
4294967279,91
4294967279,90
4294967279,89
4294967279,87
4294967279,86
4294967279,85
4294967279,84
4294967279,83
4294967279,82
4294967279,81
4294967279,80
4294967279,79
4294967279,78
4294967279,77
4294967279,76
4294967279,75
4294967279,74
4294967279,73
4294967279,72
4294967279,71
4294967279,70
4294967279,69
4294967279,68
4294967279,67
4294967279,66
4294967279,65
4294967279,64
4294967279,63
4294967279,62
4294967279,61
4294967279,60
4294967279,59
4294967279,58
4294967279,57
4294967279,56
4294967279,55
4294967279,54
4294967279,53
4294967279,52
4294967279,51
4294967279,50
4294967279,49
4294967279,48
4294967279,47
4294967279,46
4294967279,45
4294967279,44
4294967279,43
4294967279,42
4294967279,41
4294967279,40
4294967279,39
4294967279,35
4294967279,34
4294967279,33
4294967279,32
4294967279,560
4294967279,28
4294967279,27
4294967279,26
4294967279,25
4294967279,24
4294967279,22
4294967279,21
4294967279,20
4294967279,19
4294967279,18
4294967279,17
4294967279,16
4294967279,15
4294967279,14
4294967279,13
4294967279,12
4294967279,11
4294967279,10
4294967279,9
4294967279,573
4294967279,8
4294967279,320
4294967279,7
4294967279,6
4294967279,5
4294967279,4
4294967279,154
4294967278,153
980,7
4294967279,153
980,6
4294967278,152
980,5
4294967279,152
980,4
4294967278,151
980,3
980,2
980,1
4294967278,317
4294967279,151
4294967278,150
4294967279,38
4294967279,574
4294967278,37
4294967278,380
4294967279,36
4294967294,1928
4294967294,1614
4294967279,148
4294967279,37
4294967279,526
4294967294,1631
4294967278,36
4294967278,31
4294967294,394
4294967294,1848
4294967294,120
4294967278,147
4294967279,147
979,8
4294967278,146
979,7
4294967279,146
979,6
4294967278,145
979,5
4294967279,145
979,4
4294967278,144
979,3
979,2
979,1
4294967279,144
0,7
4294967294,411
4294967294,396
4294967294,400
4294967294,178
4294967294,387
4294967294,421
4294967294,398
4294967294,1019
4294967294,167
4294967294,1023
4294967294,108
4294967294,1561
4294967278,143
4294967279,246
4294967279,538
4294967279,0
4294967279,31
4294967278,30
4294967294,1035
4294967294,1
4294967294,2
4294967294,1988
4294967294,471
4294967294,989
4294967294,186
4294967294,439
4294967279,29
4294967294,81
4294967294,50
4294967294,1800
4294967294,1154
4294967294,1810
4294967294,1026
4294967294,974
4294967294,980
4294967294,1025
4294967294,972
4294967294,46
4294967294,91
4294967294,90
4294967294,88
4294967294,87
4294967294,1455
4294967294,1820
4294967294,85
4294967294,1152
4294967294,991
4294967294,29
4294967294,28
4294967294,27
4294967294,45
4294967294,44
4294967294,1847
4294967294,89
4294967279,141
4294967294,0
4294967279,30
4294967278,29
4294967278,325
4294967294,5
4294967294,22
4294967294,1771
4294967294,1818
4294967294,17
4294967294,99
4294967294,76
4294967294,41
4294967294,1826
4294967294,1825
4294967294,52
4294967294,1987
4294967294,26
4294967294,1046
4294967294,83
4294967279,23
4294967294,107
4294967294,67
4294967294,43
4294967294,53
4294967294,1565
4294967294,51
4294967294,1994
4294967294,1995
4294967294,25
4294967294,1747
4294967294,1746
4294967294,84
4294967294,82
4294967294,1616
4294967294,7
4294967278,140
4294967294,1745
4294967294,6
4294967294,1774
4294967294,94
4294967294,93
4294967294,1808
4294967294,96
4294967279,135
4294967294,1562
4294967294,95
4294967294,42
0,5
4294967279,140
978,11
4294967278,139
978,10
4294967279,139
978,9
4294967278,138
978,8
4294967279,277
978,7
4294967294,9
4294967294,8
978,6
978,5
978,4
978,3
978,2
978,1
977,24
977,23
977,22
977,21
977,20
977,19
977,18
977,17
977,16
977,15
977,14
977,13
977,12
977,11
977,10
977,9
977,8
977,7
977,6
977,5
977,4
977,3
977,2
977,1
976,8
976,7
976,6
976,5
976,4
976,3
976,2
976,1
4294967294,1908
4294967294,1907
4294967294,1906
975,7
975,6
975,5
975,4
975,3
975,2
975,1
974,10
974,9
974,8
974,7
974,6
974,5
974,4
974,3
974,2
974,1
973,5
973,4
973,3
973,2
973,1
972,6
972,5
972,4
972,3
972,2
972,1
971,5
971,4
971,3
971,2
971,1
970,8
970,7
970,6
970,5
970,4
970,3
970,2
970,1
4294967294,1567
4294967294,2081
4294967294,1563
4294967294,1685
969,6
969,5
969,4
969,3
969,2
969,1
4294967294,1920
968,23
968,22
968,21
968,20
968,19
968,18
968,17
968,16
968,15
968,14
968,13
968,12
968,11
968,10
968,9
968,8
968,7
968,6
968,5
968,4
968,3
968,2
968,1
4294967294,1821
4294967294,1860
967,14
967,13
967,12
967,11
967,10
967,9
967,8
967,7
967,6
967,5
967,4
967,3
967,2
967,1
966,7
966,6
966,5
966,4
966,3
966,2
966,1
965,9
965,8
965,7
965,6
965,5
965,4
965,3
965,2
965,1
964,7
964,6
964,5
964,4
964,3
964,2
964,1
963,7
963,6
963,5
963,4
963,3
963,2
963,1
962,8
962,7
962,6
962,5
962,4
962,3
962,2
962,1
961,8
961,7
961,6
961,5
961,4
961,3
961,2
961,1
960,7
960,6
960,5
960,4
960,3
960,2
960,1
4294967294,1905
959,10
959,9
959,8
959,7
959,6
959,5
959,4
959,3
959,2
959,1
958,18
958,17
958,16
958,15
958,14
958,13
958,12
958,11
958,10
958,9
958,8
958,7
958,6
958,5
958,4
958,3
958,2
958,1
957,6
957,5
957,4
957,3
957,2
957,1
4294967294,1551
956,15
956,14
956,13
956,12
956,11
956,10
956,9
956,8
956,7
956,6
956,5
956,4
956,3
956,2
956,1
4294967294,2080
4294967294,1449
955,9
955,8
955,7
955,6
955,5
955,4
955,3
955,2
955,1
954,14
954,13
954,12
954,11
954,10
954,9
954,8
954,7
954,6
954,5
954,4
954,3
954,2
954,1
953,11
953,10
953,9
953,8
953,7
953,6
953,5
953,4
953,3
953,2
953,1
4294967294,1803
952,8
952,7
952,6
952,5
952,4
952,3
952,2
952,1
951,8
951,7
951,6
951,5
951,4
951,3
951,2
951,1
950,7
950,6
950,5
950,4
950,3
950,2
950,1
949,18
949,17
949,16
949,15
949,14
949,13
949,12
949,11
949,10
949,9
949,8
949,7
949,6
949,5
949,4
949,3
949,2
949,1
948,9
948,8
948,7
948,6
948,5
948,4
948,3
948,2
948,1
4294967294,1902
4294967294,1538
947,9
947,8
947,7
947,6
947,5
947,4
947,3
947,2
947,1
4294967294,1560
4294967294,1547
946,6
946,5
946,4
946,3
946,2
946,1
4294967294,1053
945,17
945,16
945,15
945,14
945,13
945,12
945,11
945,10
945,9
945,8
945,7
945,6
945,5
945,4
945,3
945,2
945,1
4294967294,1559
4294967294,441
4294967294,431
944,8
944,7
944,6
944,5
944,4
944,3
944,2
944,1
4294967294,1557
4294967294,1540
943,6
943,5
943,4
943,3
943,2
943,1
4294967294,1827
4294967294,1814
942,19
942,18
942,17
942,16
942,15
942,14
942,13
942,12
942,11
942,10
942,9
942,8
942,7
942,6
942,5
942,4
942,3
942,2
942,1
4294967294,2079
941,9
941,8
941,7
941,6
941,5
941,4
941,3
941,2
941,1
940,8
940,7
940,6
940,5
940,4
940,3
940,2
940,1
939,12
939,11
939,10
939,9
939,8
939,7
939,6
939,5
939,4
939,3
939,2
939,1
4294967294,2047
4294967294,1556
4294967294,1466
938,11
938,10
938,9
938,8
938,7
938,6
938,5
938,4
938,3
938,2
938,1
937,7
937,6
937,5
937,4
937,3
937,2
937,1
936,14
936,13
936,12
936,11
936,10
936,9
936,8
936,7
936,6
936,5
936,4
936,3
936,2
936,1
935,12
935,11
935,10
935,9
935,8
935,7
935,6
935,5
935,4
935,3
935,2
935,1
4294967294,1555
934,6
934,5
934,4
934,3
934,2
934,1
4294967294,1666
933,7
933,6
933,5
933,4
933,3
933,2
933,1
932,14
932,13
932,12
932,11
932,10
932,9
932,8
